id,ra,dec,mag_norm,redshift
213934178332,53.0528982,-27.7032939,21.0662749,0.48
213934179356,53.0523538,-27.702902,22.4218344,0.48
233595183132,53.0833935,-27.7074074,22.1451148,0.66
233595184156,53.0836934,-27.7072864,21.6315462,0.66
485837983772,52.7858581,-27.3042146,20.2003519,0.75
485837984796,52.7859969,-27.3039991,22.1824952,0.75
551311822876,52.9699331,-27.422188,20.6944682,0.69
551311823900,52.9699007,-27.4217362,22.2037253,0.69
785592844316,52.9006338,-27.2818686,22.4635033,0.62
785592845340,52.9006676,-27.2816362,23.1051851,0.62
794901004316,53.128386,-27.5017262,22.4334859,0.62
794901005340,53.1284199,-27.5014938,23.4724393,0.62
957522223132,52.853826,-27.2302578,22.0613612,0.66
957522224156,52.8541246,-27.2301368,21.596035,0.66
1072506978332,53.2552185,-27.5926397,21.342224,0.48
1072506979356,53.2546747,-27.5922478,22.6756863,0.48
1257605247004,53.14032,-27.6887455,22.9187842,0.62
1257605248028,53.1410102,-27.6884587,22.5389118,0.62
1257605249052,53.1410395,-27.6881448,22.3455978,0.62
1257605250076,53.1403978,-27.6880477,23.4858399,0.62
1302364684316,53.0173348,-27.5841828,22.5159127,0.62
1302364685340,53.0173688,-27.5839504,23.4997247,0.62
1370163503132,53.2360591,-27.4607527,22.317497,0.66
1370163504156,53.2363583,-27.4606317,21.7245716,0.66
2098411823132,52.9735276,-27.6448322,22.502431,0.66
2098411824156,52.9738273,-27.6447113,22.1269805,0.66
2136914047004,52.8413246,-27.2085126,23.1083537,0.62
2136914048028,52.8420118,-27.2082258,22.6246962,0.62
2136914049052,52.842041,-27.2079119,22.3904133,0.62
2136914050076,52.8414021,-27.2078148,23.792853,0.62
2379735674908,53.173199,-27.5312923,22.7145625,0.86
2379735675932,53.1725133,-27.5312062,22.8745879,0.86
2379735676956,53.1730765,-27.5308119,20.7831497,0.86
2379735677980,53.1731784,-27.530849,20.6485764,0.86
2481019007004,53.132232,-27.4676386,23.1828084,0.62
2481019008028,53.1329209,-27.4673518,22.7243177,0.62
2481019009052,53.1329501,-27.4670379,22.4152363,0.62
2481019010076,53.1323097,-27.4669408,23.793146,0.62
2488791474204,53.1652242,-27.37383,20.0115101,0.55
2488791475228,53.1650288,-27.3737391,19.9212049,0.55
2798520447004,52.9583932,-27.3796333,22.9498553,0.62
2798520448028,52.9590815,-27.3793464,22.4524168,0.62
2798520449052,52.9591107,-27.3790326,22.1983809,0.62
2798520450076,52.9584708,-27.3789355,23.5172186,0.62
2857799737372,53.0919928,-27.2312466,18.6432686,1.33
2857799738396,53.0923588,-27.2313515,20.4416558,1.33
3311739404316,53.0180241,-27.6503739,22.6638644,0.62
3311739405340,53.0180581,-27.6501416,23.4781607,0.62
3642798452764,53.0602643,-27.7229279,21.3382943,0.61
3642798453788,53.0603607,-27.7225808,23.1643927,0.61
3770358276124,53.1622866,-27.4350957,20.5301589,0.91
3770358277148,53.1625387,-27.435091,21.805839,0.91
4190905962524,53.0612839,-27.5833835,21.9471063,1.57
4190905963548,53.0613369,-27.5832412,22.8111666,1.57
4388301025308,52.9709156,-27.2619985,20.4730335,0.49
4388301026332,52.9705115,-27.2618521,22.6184306,0.49
4462111924252,52.9147908,-27.4641331,22.0748097,1.31
4462111925276,52.9147923,-27.4639596,21.5419667,1.31
4951706099740,53.142889,-27.6897237,23.0220475,1.42
4951706100764,53.143151,-27.689639,22.6783691,1.42
4951788404764,53.2570458,-27.2711789,21.3721959,1.49
4951788405788,53.2565705,-27.2708504,21.5210682,1.49
4951788406812,53.2573804,-27.2706192,22.2869252,1.49
4951788407836,53.2566823,-27.2703438,21.4522543,1.49
6895647969308,53.1820377,-27.3505143,22.9873197,1.33
6895647970332,53.181809,-27.3503084,21.7407181,1.33
7297218994204,52.9008859,-27.282263,20.3074462,0.55
7297218995228,52.9006906,-27.2821721,20.3405401,0.55
7323228532764,53.0651239,-27.4797776,21.6412812,0.61
7323228533788,53.06522,-27.4794305,23.2201268,0.61
7911066005532,53.1364573,-27.511113,23.4807881,1.18
7911066006556,53.1366634,-27.5110892,21.7381295,1.18
9284618874908,53.1587883,-27.615918,22.7366323,0.86
9284618875932,53.1581021,-27.6158319,22.7465961,0.86
9284618876956,53.1586658,-27.6154375,20.7934469,0.86
9284618877980,53.1587677,-27.6154747,20.658954,0.86
9343048839196,52.7937379,-27.4787279,22.3396913,1.04
9343048840220,52.7940176,-27.4787012,22.0945061,1.04
10375599972380,53.1356171,-27.1720507,23.2981365,2.47
10375599973404,53.135106,-27.1719567,23.0083559,2.47
10732892721180,53.309493,-27.5705336,23.7542533,1.63
10732892722204,53.3098188,-27.5705365,22.5796017,1.63
11289805434908,53.2021806,-27.4866893,23.1636985,0.86
11289805435932,53.2014952,-27.4866032,22.7140613,0.86
11289805436956,53.2020582,-27.4862089,21.0213474,0.86
11289805437980,53.2021601,-27.4862461,20.8867766,0.86
11399077867548,53.0425568,-27.3549618,23.6967914,3.26
11399077868572,53.042415,-27.3547487,23.7586807,3.26
12729785565212,52.9252912,-27.5212629,22.8153546,1.15
12729785566236,52.9251534,-27.5209425,22.2587371,1.15
13159835463708,53.2124655,-27.3367988,21.8314868,1.92
13159835464732,53.2121718,-27.3366681,21.4749934,1.92
13159835465756,53.2127602,-27.3364946,21.782246,1.92
13159835466780,53.2123601,-27.3363451,22.0673726,1.92
13205637955612,52.7950605,-27.2506094,21.7144841,1.44
13205637956636,52.7954364,-27.2504116,22.3894029,1.44
13205637957660,52.7949001,-27.250392,21.9282559,1.44
13205637958684,52.7951691,-27.2501183,21.8775755,1.44
13214803370012,53.0294384,-27.5051619,20.964945,1.84
13214803371036,53.0291333,-27.5050091,23.069934,1.84
13740514000924,52.7482918,-27.2624458,22.8686058,0.74
13740514001948,52.7479408,-27.2622704,23.9108332,0.74
14512602247196,53.1660527,-27.1960547,22.2769401,2.06
14512602248220,53.1662123,-27.1960064,21.2538682,2.06
15328051519516,52.8864754,-27.6640348,22.1073496,1.97
15328051520540,52.8860883,-27.6637162,21.2519056,1.97
15513426296860,52.9117493,-27.2656986,21.8737189,1.18
15513426297884,52.9117823,-27.26517,21.5233274,1.18
15629179510812,52.7868919,-27.6348385,20.8932995,1.07
15629179511836,52.7862916,-27.6346875,20.3448832,1.07
15649466429468,53.2593601,-27.3407741,23.232514,1.44
15649466430492,53.2592729,-27.3405879,23.6429083,1.44
16800471343132,52.7809063,-27.4346113,21.8888528,0.66
16800471344156,52.7812054,-27.4344903,21.5083274,0.66
18375711395868,53.1097546,-27.5598709,21.2014664,1.34
18375711396892,53.1096988,-27.5594876,21.2933754,1.34
18375732842524,52.7998832,-27.5616344,22.1803936,1.57
18375732843548,52.7999361,-27.5614921,23.0468202,1.57
19624450109468,52.8232047,-27.2808197,23.395294,1.44
19624450110492,52.8231176,-27.2806334,23.8054392,1.44
19946035519516,53.2418603,-27.2262801,22.0543599,1.97
19946035520540,53.2414747,-27.2259615,21.2688057,1.97
20034993156124,53.1668937,-27.7040152,23.4344453,2.41
20034993157148,53.1670276,-27.703865,23.6241725,2.41
21586831884316,52.748184,-27.2627225,23.6353758,0.62
21586831885340,52.7482179,-27.2624902,24.2508984,0.62
21686651007004,53.1730357,-27.6695672,22.7011167,0.62
21686651008028,53.1737258,-27.6692804,22.1989701,0.62
21686651009052,53.1737551,-27.6689665,22.0105796,0.62
21686651010076,53.1731135,-27.6688694,23.4604543,0.62
21758535790620,52.9198252,-27.4274847,20.8435584,1.54
21758535791644,52.9203509,-27.4266525,19.5197424,1.54
22156258639900,53.1460309,-27.2193151,23.2037967,1.57
22156258640924,53.1458633,-27.2190358,23.4599931,1.57
22832322617372,52.959661,-27.6572718,18.774028,1.33
22832322618396,52.9600285,-27.6573767,20.511429,1.33
23078698098716,53.0246892,-27.6721074,21.0470721,1.59
23078698099740,53.024832,-27.6718799,21.153682,1.59
23265218875420,52.7496229,-27.3058725,20.4417835,1.52
23265218876444,52.749049,-27.3056736,21.3681582,1.52
23333130735644,52.7329312,-27.5508776,21.4214922,3.73
23333130736668,52.7326913,-27.5505901,21.0918944,3.73
23753135505436,52.9775584,-27.6283691,18.9114195,1.87
23753135506460,52.9770962,-27.6284094,20.6843734,1.87
24537958580252,52.7100878,-27.4027567,20.140031,0.8
24537958581276,52.7103115,-27.4024796,22.4022408,0.8
25132237119516,53.2581461,-27.2386819,22.4116105,1.97
25132237120540,53.2577605,-27.2383633,21.5354088,1.97
25553121636380,53.0851695,-27.1483403,21.2655515,0.82
25553121637404,53.0853209,-27.1483924,23.0542075,0.82
25751247556636,53.3081675,-27.3222406,23.8818563,2.06
25751247557660,53.3083746,-27.3223083,23.6174902,2.06
25753336651804,53.0164297,-27.2841569,23.5286529,2.71
25753336652828,53.0161489,-27.2836573,24.2131212,2.71
25753336653852,53.016777,-27.2838436,22.8559547,2.71
25753336654876,53.0167127,-27.283565,22.9447639,2.71
26111785263132,53.1729545,-27.5814185,21.8445859,0.66
26111785264156,53.173254,-27.5812975,21.407531,0.66
26652744515612,53.0652392,-27.5867029,22.1714532,1.44
26652744516636,53.0656162,-27.5865051,22.8803074,1.44
26652744517660,53.0650784,-27.5864855,22.4484706,1.44
26652744518684,53.0653481,-27.5862117,22.3115958,1.44
27245824720924,53.2402782,-27.6069379,22.8481274,0.74
27245824721948,53.2399261,-27.6067625,23.7965374,0.74
27246421110812,52.9331247,-27.7030928,21.3674965,2.62
27246421111836,52.9332432,-27.7029989,22.5434115,2.62
27246421112860,52.933053,-27.7029731,22.2630727,2.62
27246421113884,52.9331729,-27.7028048,21.678469,2.62
27307101425692,53.0571558,-27.3512009,20.7127281,2.62
27307101426716,53.0571494,-27.3507948,20.0875349,2.62
28184117391388,52.8287499,-27.3332522,22.2593867,1.51
28184117392412,52.828512,-27.3329995,22.5205667,1.51
28184117393436,52.8289623,-27.3329598,22.4582459,1.51
28184117394460,52.8287478,-27.3327851,22.2161275,1.51
28292977983516,52.722389,-27.3847582,23.4381667,1.57
28292977984540,52.7223637,-27.3844176,21.4368727,1.57
28355155324956,52.9365212,-27.4054799,22.6926097,1.97
28355155325980,52.9359766,-27.4053433,23.1990188,1.97
28765801148444,52.8336345,-27.6265025,23.5943722,1.92
28765801149468,52.8338498,-27.6263649,24.0875145,1.92
28765801150492,52.8334769,-27.6263354,23.8368313,1.92
28765801151516,52.8336593,-27.626163,23.7918638,1.92
29077793632284,52.7624234,-27.2722766,23.0117388,2.35
29077793633308,52.762632,-27.2721403,23.2613385,2.35
29077793634332,52.7622663,-27.2720616,23.4695662,2.35
29077793635356,52.7625065,-27.2718867,23.1678853,2.35
29488395182108,52.9512748,-27.5137345,23.6789636,3.44
29488395183132,52.9517233,-27.5134041,22.6977587,3.44
29651416145948,52.9884276,-27.3976847,23.3504553,2.26
29651416146972,52.9880751,-27.396759,22.8103836,2.26
29909893857308,52.8652671,-27.2589814,22.8601562,1.63
29909893858332,52.8657203,-27.2588931,22.307731,1.63
29919785594908,52.8237905,-27.4261875,22.9055907,0.86
29919785595932,52.8231054,-27.4261014,22.7246233,0.86
29919785596956,52.8236682,-27.425707,20.8132754,0.86
29919785597980,52.8237699,-27.4257442,20.6787153,0.86
30781379153948,53.0433324,-27.304796,22.9499966,2.69
30781379154972,53.0433989,-27.304626,22.5583097,2.69
32073279549468,52.9701712,-27.5547154,22.9772504,1.44
32073279550492,52.9700839,-27.5545292,23.4028824,1.44
32540838379548,52.9327972,-27.2868178,24.1444667,1.97
32540838380572,52.9326122,-27.2866877,22.6616257,1.97
32540838381596,52.9330382,-27.2866208,23.189995,1.97
32540838382620,52.9327318,-27.2865649,23.3279594,1.97
32659395588124,52.7834679,-27.2870081,23.3490233,2.04
32659395589148,52.7829596,-27.2865085,23.593821,2.04
32904880582684,53.0131077,-27.2385406,22.0845352,1.36
32904880583708,53.0131968,-27.2384957,22.6942997,1.36
32904880584732,53.0131049,-27.2384445,23.0585289,1.36
32904880585756,53.0131917,-27.2384224,21.9489758,1.36
32932589236252,52.922999,-27.4562079,19.3518339,1.19
32932589237276,52.9231712,-27.4558752,20.9875435,1.19
32932598698012,52.9247367,-27.6832792,20.6090511,1.12
32932598699036,52.924451,-27.6831728,19.5458228,1.12
33246005190684,53.098426,-27.5674318,23.0903846,2.0
33246005191708,53.0982223,-27.567325,23.5344779,2.0
33246005192732,53.0985173,-27.5672468,23.6794178,2.0
33246005193756,53.098293,-27.5671197,23.1548406,2.0
35088722219036,53.0800872,-27.3145229,22.6624976,1.14
35088722220060,53.0804332,-27.3145118,23.3079923,1.14
35658744147996,53.0264395,-27.5121292,22.8675149,1.99
35658744149020,53.0267939,-27.5121138,24.895741,1.99
35658744150044,53.026477,-27.5119345,22.8827963,1.99
35658744151068,53.0266578,-27.5118144,22.943978,1.99
35727575994396,52.992003,-27.58603,21.3190428,2.42
35727575995420,52.992217,-27.5859172,19.9915054,2.42
35737142558748,53.1835639,-27.5285556,22.6550339,2.6
35737142559772,53.183689,-27.5285553,23.8340353,2.6
35737142560796,53.183622,-27.5284663,22.9536846,2.6
35737142561820,53.1837011,-27.5284624,22.3143803,2.6
35990561460252,52.9681659,-27.3503898,22.455725,1.71
35990561461276,52.9682633,-27.3505644,23.3224878,1.71
36498360844316,53.3027031,-27.5226953,22.7025828,0.62
36498360845340,53.302737,-27.522463,23.4335653,0.62
39013120065564,52.8797932,-27.6499401,22.8717797,2.77
39013120066588,52.8795191,-27.6494094,22.761777,2.77
39123407831068,53.2219942,-27.3568245,24.0092367,4.13
39123407832092,53.2218169,-27.35711,22.9284038,4.13
40078737387548,52.952842,-27.4845537,23.2104518,3.26
40078737388572,52.9527001,-27.4843406,23.3256109,3.26
40384594456604,53.0931204,-27.6206011,22.5966146,1.75
40384594457628,53.0928173,-27.6202695,23.0517665,1.75
42598165856284,52.8577674,-27.2859058,20.7512591,0.9
42598165857308,52.8577072,-27.2856898,21.0730652,0.9
42728920137756,53.0665899,-27.2871829,21.4960802,1.06
42728920138780,53.0663588,-27.2871954,23.1638914,1.06
43943209652252,52.9270142,-27.5502509,20.8196489,1.18
43943209653276,52.9264584,-27.550003,21.1243968,1.18
43943209654300,52.9271359,-27.5496479,21.5513182,1.18
43943209655324,52.9264841,-27.5494268,20.8488783,1.18
44005399924764,53.3230003,-27.5186858,22.9056403,2.98
44005399925788,53.3229769,-27.5185312,23.2804797,2.98
44132056678428,53.0678999,-27.4822583,24.1102853,2.88
44132056679452,53.067522,-27.4826312,23.6037938,2.88
44593419374620,53.0868389,-27.3977091,23.252943,1.55
44593419375644,53.0873531,-27.397533,23.6659689,1.55
44593419376668,53.0868314,-27.3971897,24.3167331,1.55
44593419377692,53.0874111,-27.3971094,23.24193,1.55
45146074071068,53.0012612,-27.300338,23.7545361,4.13
45146074072092,53.001084,-27.3006236,22.6403811,4.13
45850553671708,52.7622453,-27.4796478,20.2792972,1.25
45850553672732,52.7621185,-27.4793067,20.8360655,1.25
47790284922908,53.0037512,-27.653608,20.4178197,1.11
47790284923932,53.0036867,-27.6534104,21.176418,1.11
47807601397788,53.2457241,-27.4598173,20.7147151,1.76
47807601398812,53.2456655,-27.4594088,22.0107996,1.76
49406668812316,52.7896571,-27.4038561,21.8593606,1.89
49406668813340,52.7892325,-27.4035327,21.7627707,1.89
49492941434908,52.8094685,-27.6646245,23.8047898,0.86
49492941435932,52.808782,-27.6645384,23.1292133,0.86
49492941436956,52.8093459,-27.6641441,21.6064507,0.86
49492941437980,52.8094479,-27.6641813,21.4718972,0.86
50908621512732,53.0984647,-27.6241953,23.628614,1.64
50908621513756,53.0979931,-27.6242842,23.1353042,1.64
51454915465244,53.3363301,-27.5095291,19.9395972,1.69
51454915466268,53.3363881,-27.5092778,22.1206662,1.69
51454966525980,52.8962171,-27.1652598,18.9543512,2.26
51454966527004,52.8960532,-27.1649297,20.4530958,2.26
52009881600028,53.0788314,-27.4637054,22.4219622,1.19
52009881601052,53.0792769,-27.4638785,23.7431866,1.19
52009902485532,53.2115881,-27.4581759,23.8125522,1.18
52009902486556,53.2117941,-27.4581521,22.070956,1.18
53936774864924,52.9170705,-27.6095851,22.6974107,3.26
53936774865948,52.9174506,-27.6094172,24.2201088,3.26
54727703228444,52.8337676,-27.5324499,23.8649305,1.92
54727703229468,52.8339827,-27.5323123,24.336874,1.92
54727703230492,52.8336101,-27.5322828,24.1409665,1.92
54727703231516,52.8337923,-27.5321104,24.132463,1.92
58180097388572,52.7627923,-27.3869133,23.3863022,2.2
58180097389596,52.7623906,-27.3868133,24.3804846,2.2
58180097390620,52.7627755,-27.3866215,23.4725246,2.2
58180097391644,52.7624791,-27.3864821,23.3000734,2.2
58574173376540,53.1366754,-27.5592763,19.6509806,1.03
58574173377564,53.1367604,-27.5591225,20.9521505,1.03
58767105159196,53.2414144,-27.4289606,22.1485815,1.04
58767105160220,53.241694,-27.4289338,22.1098519,1.04
58770473316380,52.8953334,-27.4532481,20.708296,0.82
58770473317404,52.8954852,-27.4533002,22.4711964,0.82
60880743206940,52.8434944,-27.5261778,23.2876739,2.47
60880743207964,52.843501,-27.5260341,23.6707934,2.47
60880743208988,52.8437803,-27.5257358,23.8603084,2.47
60880743210012,52.8439565,-27.5261298,26.5867276,2.47
61163551825948,52.7339898,-27.5230053,23.3536492,2.26
61163551826972,52.7336369,-27.5220796,22.6831463,2.26
63041474859036,52.9421708,-27.5903596,22.7168379,1.14
63041474860060,52.9425177,-27.5903485,23.38279,1.14
64003052765212,52.9605525,-27.4866054,23.1233399,1.15
64003052766236,52.9604147,-27.486285,22.5681294,1.15
65451141750812,52.7733082,-27.4221931,21.5805947,1.07
65451141751836,52.772709,-27.4220421,20.8606989,1.07
65746883047452,52.8939874,-27.1671798,23.1366441,1.56
65746883048476,52.8945733,-27.1668069,23.3517061,1.56
65842239094812,52.8610799,-27.613811,23.2977617,2.03
65842239095836,52.86124,-27.6136372,22.9404876,2.03
70827715072028,53.1669013,-27.6841932,21.1178575,2.2
70827715073052,53.1666753,-27.6843358,23.5814891,2.2
74022032519196,53.2171106,-27.2612625,22.7651081,1.04
74022032520220,53.2173898,-27.2612358,22.417297,1.04
76910859014172,53.0006559,-27.5937547,21.9662041,1.35
76910859015196,53.0007985,-27.5933637,21.0830085,1.35
80809095868444,52.7681192,-27.4306164,22.5045863,1.92
80809095869468,52.7683341,-27.4304788,23.0896381,1.92
80809095870492,52.7679618,-27.4304493,22.8876766,1.92
80809095871516,52.7681439,-27.4302769,22.6890454,1.92
81032049954844,52.8485953,-27.3925153,21.6320462,1.1
81032049955868,52.8484406,-27.3924264,19.5846504,1.1
84516424925212,53.1804096,-27.6727426,22.8476462,1.15
84516424926236,53.1802715,-27.6724222,22.3286128,1.15
86215045607452,52.8240876,-27.3028765,23.4217598,1.56
86215045608476,52.8246742,-27.3025037,23.8737457,1.56
86513675137052,52.7470083,-27.3665107,21.1999194,2.71
86513675138076,52.7476773,-27.3664519,23.6704581,2.71
86846495658012,53.2809338,-27.4739177,20.7833597,1.12
86846495659036,53.2806486,-27.4738113,19.7274651,1.12
87042027900956,53.0994234,-27.6185612,21.8432653,1.27
87042027901980,53.0996137,-27.6181673,21.3210446,1.27
93994936901660,53.0623578,-27.6663801,21.6291962,2.08
93994936902684,53.0623814,-27.6657375,22.1372587,2.08
98547385360412,53.1896378,-27.6305733,23.3745336,2.3
98547385361436,53.1897132,-27.6301217,23.7831532,2.3
100207012376604,52.7856131,-27.5256608,22.3810831,1.75
100207012377628,52.7853103,-27.5253292,22.8690391,1.75
100653661409308,53.1656166,-27.3479782,22.8106833,1.33
100653661410332,53.1653879,-27.3477723,21.4338695,1.33
103533753765916,52.7476431,-27.5978366,23.3484021,1.14
103533753766940,52.7473936,-27.5977207,21.3304674,1.14
103576012800028,52.9826817,-27.4376755,22.7007724,1.19
103576012801052,52.9831271,-27.4378486,24.1164566,1.19
105381511102492,53.2362986,-27.290671,19.0523598,1.33
105381511103516,53.2363567,-27.2908012,21.3041428,1.33
113571882065948,53.2953109,-27.5927731,23.6615841,2.26
113571882066972,53.2949577,-27.5918474,22.7665217,2.26
117943224807452,52.9928947,-27.1648702,23.8986755,1.56
117943224808476,52.9934805,-27.1644973,23.7852007,1.56
118077942751260,53.3431117,-27.4022432,23.6674117,1.56
118077942752284,53.3428822,-27.4019443,23.4256933,1.56
118166131359772,52.8012771,-27.6224665,23.4550357,5.41
118166131360796,52.8012363,-27.6219909,23.4173051,5.41
119585036349468,53.2166645,-27.5589576,23.154254,1.44
119585036350492,53.2165771,-27.5587714,24.0157405,1.44
120004701134876,53.0797205,-27.1835419,23.127401,1.37
120004701135900,53.079587,-27.1832826,22.2872835,1.37
121187370528796,53.3191649,-27.4753053,23.2542878,4.52
121187370529820,53.3186461,-27.4750397,23.2230126,4.52
121187370530844,53.3195059,-27.474945,22.8985462,4.52
121187370531868,53.3191085,-27.4746041,23.5411073,4.52
124536136908828,53.0143396,-27.3829411,24.0690755,1.58
124536136909852,53.0148136,-27.3826875,23.4968202,1.58
124710073589788,53.194781,-27.3573244,22.9702488,3.35
124710073590812,53.1946537,-27.3571416,23.4366334,3.35
124710073591836,53.1942265,-27.3569889,23.3082711,3.35
124710073592860,53.1942966,-27.3574466,26.3305546,3.35
125977406083100,53.0609143,-27.5895791,22.2115805,1.38
125977406084124,53.0604665,-27.5892492,22.4403958,1.38
126159751606300,53.194841,-27.6142456,21.9568032,1.46
126159751607324,53.1950011,-27.6142219,23.068832,1.46
131172321755164,53.2628778,-27.2785134,23.5489173,1.31
131172321756188,53.2635612,-27.2783718,21.2317089,1.31
131890463604764,52.9422682,-27.1814147,21.3766961,1.49
131890463605788,52.9417933,-27.1810862,21.5524361,1.49
131890463606812,52.9426025,-27.180855,22.2519813,1.49
131890463607836,52.941905,-27.1805796,21.4570289,1.49
132935998562332,53.0331353,-27.152317,22.9177301,1.57
132935998563356,53.0332136,-27.1517766,23.8393299,1.57
133211127869468,53.1203532,-27.669845,23.0692885,1.44
133211127870492,53.1202657,-27.6696588,23.508153,1.44
138902847549468,52.7853062,-27.4268399,23.3389142,1.44
138902847550492,52.7852189,-27.4266537,23.8770757,1.44
141768028647452,53.1715946,-27.1833961,23.4556878,1.56
141768028648476,53.1721805,-27.1830233,23.7385888,1.56
144466309607452,52.7964055,-27.2664928,22.9456841,1.56
144466309608476,52.7969919,-27.26612,23.22076,1.56
145443666014236,53.2277083,-27.4630474,21.2622461,1.23
145443666015260,53.2282136,-27.462985,19.7994186,1.23
149641298862108,52.8765429,-27.2716463,23.2814771,3.44
149641298863132,52.8769904,-27.2713159,22.3182241,3.44
150889544654876,52.968923,-27.6410442,23.1688929,1.37
150889544655900,52.968789,-27.6407849,22.1385618,1.37
153965959839772,52.9363793,-27.64535,23.4976172,5.41
153965959840796,52.9363385,-27.6448744,23.3914619,5.41
154985217032220,53.0681563,-27.2232511,21.376043,0.89
154985217033244,53.0682428,-27.2230869,20.7242315,0.89
159991399436316,53.0384762,-27.5210694,21.0079144,2.28
159991399437340,53.0384545,-27.5206274,22.5010847,2.28
160945040359452,53.072222,-27.3762419,21.0468717,1.74
160945040360476,53.0718776,-27.3762109,21.856264,1.74
161040025980956,52.8424129,-27.4623263,21.7937433,1.27
161040025981980,52.842603,-27.4619324,21.4119493,1.27
161051556495388,53.2047635,-27.4108757,22.7668141,1.81
161051556496412,53.204881,-27.4105089,22.7389803,1.81
165109474336796,52.9603701,-27.6714952,21.1645627,1.86
165109474337820,52.9599039,-27.6714373,20.0861837,1.86
166744771297308,52.9540666,-27.5469454,23.1857726,1.63
166744771298332,52.954521,-27.5468571,22.6312563,1.63
167196550471708,52.9669176,-27.1664654,20.581192,1.25
167196550472732,52.9667912,-27.1661244,21.1815133,1.25
169407695691804,53.2989852,-27.3251063,23.6740734,2.71
169407695692828,53.2987043,-27.3246066,24.4246953,2.71
169407695693852,53.2993326,-27.324793,23.0026092,2.71
169407695694876,53.2992682,-27.3245143,23.0366152,2.71
171688625274908,53.1149121,-27.4875395,22.7956793,4.68
171688625275932,53.1147297,-27.4875252,23.5277491,4.68
174349292019740,52.8487411,-27.2930869,22.3724641,1.42
174349292020764,52.8490022,-27.2930022,21.9789121,1.42
176018904162332,53.099457,-27.2696553,22.2593377,1.57
176018904163356,53.0995354,-27.269115,23.1881911,1.57
176504803450908,52.9877625,-27.1900712,20.6588925,2.34
176504803451932,52.9879843,-27.1899438,20.8074484,2.34
177389578547228,53.0463359,-27.6003371,22.0818435,2.4
177389578548252,53.0467565,-27.6006181,22.208318,2.4
177712499732508,52.9971872,-27.6128081,23.2077933,2.37
177712499733532,52.9970093,-27.6132024,21.0064308,2.37
177712499734556,52.9975782,-27.6131113,22.8767349,2.37
177712499735580,52.9970843,-27.6132582,21.041039,2.37
177821594337308,53.1370153,-27.65971,22.973404,1.63
177821594338332,53.1374701,-27.6596217,22.369734,1.63
178117408071708,53.0515674,-27.5091943,20.4925742,1.25
178117408072732,53.0514406,-27.5088532,21.1249242,1.25
178118290722844,53.0827347,-27.4320955,19.6729707,2.73
178118290723868,53.0829099,-27.4320391,20.3586834,2.73
178187275890716,52.9781643,-27.2758692,22.6394174,3.3
178187275891740,52.9780094,-27.2757542,20.9242893,3.3
178197309653020,52.7655987,-27.2392922,23.4910486,2.01
178197309654044,52.7660636,-27.2382833,23.1433895,2.01
178226780418076,53.0995038,-27.6783497,22.1568761,4.13
178226780419100,53.0986569,-27.6780779,20.7502048,4.13
178233396305948,53.2919798,-27.56201,23.298885,2.26
178233396306972,53.2916267,-27.5610843,22.6805276,2.26
178233426133020,52.722454,-27.2955818,23.4201359,2.01
178233426134044,52.7229191,-27.2945728,23.0535755,2.01
178291763413020,52.9352723,-27.4290472,23.8073267,2.01
178291763414044,52.9357379,-27.4280383,23.2943063,2.01
178320868311068,52.7286163,-27.3343731,23.905241,4.13
178320868312092,52.728439,-27.3346586,22.6419182,4.13
178345718829084,53.0116295,-27.5605314,22.0852844,1.76
178345718830108,53.0113754,-27.5608831,20.4836393,1.76
178353685905436,53.0156561,-27.3641057,18.9835113,1.87
178353685906460,53.015195,-27.364146,20.8324301,1.87
178373039185948,53.3131167,-27.3921057,23.5340336,2.26
178373039186972,53.3127641,-27.3911799,22.80396,2.26
178409524486172,53.0438874,-27.6209873,21.374054,2.47
178409524487196,53.0435853,-27.6206372,21.8375235,2.47
178446623199260,52.7594213,-27.3684536,23.0363456,2.39
178446623200284,52.758452,-27.368745,21.6767913,2.39
178446665371676,53.1696036,-27.3927332,24.6014562,2.45
178446665372700,53.1700087,-27.3926191,23.4348474,2.45
178446665373724,53.1695017,-27.392446,22.7395869,2.45
178446665374748,53.1696839,-27.3923951,23.1738991,2.45
