id,ra,dec,mag_norm,redshift,twinkles_id,image_num,lens_gal_id
213934178332,53.052941,-27.7033144,21.1014594,0.48,24,0,21393434
213934179356,53.0523965,-27.7029225,22.6117574,0.48,24,1,21393434
233595183132,53.0834399,-27.7074247,21.8323018,0.66,74,0,23359514
233595184156,53.0837398,-27.7073037,21.5520337,0.66,74,1,23359514
485837983772,52.7858168,-27.3042272,20.0769006,0.75,289,0,48583706
485837984796,52.7859556,-27.3040117,21.9771421,0.75,289,1,48583706
551311822876,52.9699268,-27.4221909,20.3711495,0.69,113,0,55131162
551311823900,52.9698944,-27.4217391,22.2610059,0.69,113,1,55131162
785592844316,52.9006004,-27.2818658,22.7653619,0.62,128,0,78559258
785592845340,52.9006342,-27.2816335,23.6345518,0.62,128,1,78559258
794901004316,53.1284066,-27.5017185,22.6010005,0.62,128,0,79490074
794901005340,53.1284405,-27.5014862,23.507337,0.62,128,1,79490074
957522223132,52.8537806,-27.2302554,22.4991924,0.66,74,0,95752218
957522224156,52.8540792,-27.2301344,22.1263038,0.66,74,1,95752218
1072506978332,53.2552647,-27.5926263,21.5086093,0.48,24,0,107250714
1072506979356,53.2547208,-27.5922344,22.9918115,0.48,24,1,107250714
1257605247004,53.1403691,-27.6887546,23.3059286,0.62,31,0,125760538
1257605248028,53.1410594,-27.6884676,22.7442967,0.62,31,1,125760538
1257605249052,53.1410886,-27.6881537,22.5028609,0.62,31,2,125760538
1257605250076,53.1404469,-27.6880567,23.5988453,0.62,31,3,125760538
1302364684316,53.0173568,-27.5841959,22.3867826,0.62,128,0,130236442
1302364685340,53.0173907,-27.5839635,23.170016,0.62,128,1,130236442
1370163503132,53.2360842,-27.4607287,21.7000374,0.66,74,0,137016346
1370163504156,53.2363834,-27.4606077,21.3918237,0.66,74,1,137016346
2098411823132,52.9735542,-27.6448562,21.6724431,0.66,74,0,209841178
2098411824156,52.9738539,-27.6447352,21.2196815,0.66,74,1,209841178
2136914047004,52.8412748,-27.2085096,22.3451706,0.62,31,0,213691418
2136914048028,52.841962,-27.2082227,22.0280872,0.62,31,1,213691418
2136914049052,52.8419912,-27.2079087,21.7665389,0.62,31,2,213691418
2136914050076,52.8413522,-27.2078117,23.3445525,0.62,31,3,213691418
2379735674908,53.1732283,-27.5312824,23.3323577,0.86,155,0,237973530
2379735675932,53.1725425,-27.5311963,22.8539042,0.86,155,1,237973530
2379735676956,53.1731058,-27.5308019,21.1331114,0.86,155,2,237973530
2379735677980,53.1732077,-27.5308391,20.9984706,0.86,155,3,237973530
2481019007004,53.1322481,-27.4676273,23.1598547,0.62,31,0,248101914
2481019008028,53.132937,-27.4673403,22.5180682,0.62,31,1,248101914
2481019009052,53.1329662,-27.4670264,22.2511761,0.62,31,2,248101914
2481019010076,53.1323257,-27.4669294,23.6248948,0.62,31,3,248101914
2488791474204,53.1652298,-27.3738058,20.0496835,0.55,106,0,248879130
2488791475228,53.1650344,-27.3737149,19.9378237,0.55,106,1,248879130
2798520447004,52.9583796,-27.3796334,22.7651793,0.62,31,0,279852058
2798520448028,52.959068,-27.3793464,22.2709172,0.62,31,1,279852058
2798520449052,52.9590972,-27.3790325,21.9895512,0.62,31,2,279852058
2798520450076,52.9584572,-27.3789355,23.4225585,0.62,31,3,279852058
2857799737372,53.0919706,-27.2312169,18.6952693,1.33,14,0,285779994
2857799738396,53.0923367,-27.2313218,20.5088549,1.33,14,1,285779994
3311739404316,53.0180559,-27.6503933,22.0903141,0.62,128,0,331173914
3311739405340,53.0180898,-27.650161,23.0223746,0.62,128,1,331173914
3642798452764,53.0603108,-27.7229494,21.3171279,0.61,91,0,364279834
3642798453788,53.0604071,-27.7226023,23.2217419,0.61,91,1,364279834
3770358276124,53.1623008,-27.4350777,20.5983604,0.91,126,0,377035802
3770358277148,53.162553,-27.435073,21.9802869,0.91,126,1,377035802
4190905962524,53.06131,-27.5833915,22.0958172,1.57,401,0,419090458
4190905963548,53.061363,-27.5832491,23.0576849,1.57,401,1,419090458
4388301025308,52.9708861,-27.2619857,20.4103838,0.49,55,0,438830106
4388301026332,52.970482,-27.2618393,22.7214213,0.49,55,1,438830106
4462111924252,52.9147854,-27.4641464,22.2757596,1.31,294,0,446211098
4462111925276,52.9147868,-27.4639729,21.6034292,1.31,294,1,446211098
4951706099740,53.1429386,-27.6897325,22.9747901,1.42,122,0,495170586
4951706100764,53.1432006,-27.6896478,22.5020611,1.42,122,1,495170586
4951788404764,53.2570454,-27.2711342,21.3155086,1.49,216,0,495178778
4951788405788,53.25657,-27.2708058,21.3971726,1.49,216,1,495178778
4951788406812,53.2573799,-27.2705745,22.202938,1.49,216,2,495178778
4951788407836,53.2566817,-27.270299,21.3952584,1.49,216,3,495178778
6895647969308,53.1820416,-27.3504859,23.0492098,1.33,305,0,689564698
6895647970332,53.1818128,-27.35028,21.7852526,1.33,305,1,689564698
7297218994204,52.9008526,-27.2822603,20.0941268,0.55,106,0,729721882
7297218995228,52.9006573,-27.2821694,20.0756011,0.55,106,1,729721882
7323228532764,53.0651353,-27.4797751,21.5242921,0.61,91,0,732322842
7323228533788,53.0652314,-27.479428,23.4237658,0.61,91,1,732322842
7911066005532,53.1364801,-27.5111054,23.4789865,1.18,99,0,791106586
7911066006556,53.1366863,-27.5110816,21.7145694,1.18,99,1,791106586
9284618874908,53.1588286,-27.6159179,22.8992638,0.86,155,0,928461850
9284618875932,53.1581423,-27.6158318,22.5840994,0.86,155,1,928461850
9284618876956,53.158706,-27.6154374,20.8739029,0.86,155,2,928461850
9284618877980,53.158808,-27.6154746,20.7393145,0.86,155,3,928461850
9343048839196,52.7937229,-27.4787565,22.2314832,1.04,283,0,934304794
9343048840220,52.7940026,-27.4787298,22.0338174,1.04,283,1,934304794
10375599972380,53.1355905,-27.1720103,23.4615141,2.47,462,0,1037559834
10375599973404,53.1350794,-27.1719163,22.9923148,2.47,462,1,1037559834
10732892721180,53.3095412,-27.5705119,23.4826973,1.63,137,0,1073289242
10732892722204,53.309867,-27.5705147,22.409484,1.63,137,1,1073289242
11289805434908,53.2022062,-27.4866718,23.5628981,0.86,155,0,1128980506
11289805435932,53.2015207,-27.4865858,23.0472438,0.86,155,1,1128980506
11289805436956,53.2020838,-27.4861914,21.5204383,0.86,155,2,1128980506
11289805437980,53.2021856,-27.4862285,21.3859731,0.86,155,3,1128980506
11399077867548,53.0425478,-27.3549498,23.2978471,3.26,495,0,1139907610
11399077868572,53.0424059,-27.3547367,23.436663,3.26,495,1,1139907610
12729785565212,52.9252951,-27.5212805,23.1622147,1.15,304,0,1272978458
12729785566236,52.9251572,-27.5209601,22.6171936,1.15,304,1,1272978458
13159835463708,53.2124703,-27.3367656,21.8113983,1.92,455,0,1315983386
13159835464732,53.2121765,-27.3366349,21.4997231,1.92,455,1,1315983386
13159835465756,53.2127649,-27.3364613,21.7922632,1.92,455,2,1315983386
13159835466780,53.2123648,-27.3363118,22.0410175,1.92,455,3,1315983386
13205637955612,52.7950123,-27.2506158,21.6285586,1.44,204,0,1320563738
13205637956636,52.7953882,-27.2504179,22.3059476,1.44,204,1,1320563738
13205637957660,52.7948519,-27.2503984,21.8509154,1.44,204,2,1320563738
13205637958684,52.7951208,-27.2501246,21.7912335,1.44,204,3,1320563738
13214803370012,53.02945,-27.5051659,20.9656159,1.84,354,0,1321480218
13214803371036,53.0291448,-27.5050132,23.1949544,1.84,354,1,1321480218
13740514000924,52.7482408,-27.2624587,22.8123368,0.74,176,0,1374051354
13740514001948,52.7478898,-27.2622833,23.5652046,0.74,176,1,1374051354
14512602247196,53.1660325,-27.1960132,22.1796341,2.06,783,0,1451259930
14512602248220,53.1661922,-27.1959648,21.3111388,2.06,783,1,1451259930
15328051519516,52.8864965,-27.6640706,22.014533,1.97,78,0,1532805146
15328051520540,52.8861092,-27.663752,21.1223112,1.97,78,1,1532805146
15513426296860,52.9117146,-27.265693,21.6669281,1.18,92,0,1551342618
15513426297884,52.9117476,-27.2651644,21.2145759,1.18,92,1,1551342618
15629179510812,52.786899,-27.6348829,21.4465157,1.07,154,0,1562917914
15629179511836,52.7862986,-27.634732,20.5760088,1.07,154,1,1562917914
15649466429468,53.25937,-27.3407359,22.8460333,1.44,515,0,1564946458
15649466430492,53.2592827,-27.3405497,23.4131657,1.44,515,1,1564946458
16800471343132,52.7808836,-27.4346371,22.2940175,0.66,74,0,1680047130
16800471344156,52.7811827,-27.4345161,21.8000386,0.66,74,1,1680047130
18375711395868,53.1097819,-27.5598711,21.1179559,1.34,165,0,1837571098
18375711396892,53.1097261,-27.5594877,21.1686712,1.34,165,1,1837571098
18375732842524,52.7998809,-27.5616703,22.1813433,1.57,401,0,1837573146
18375732843548,52.7999338,-27.561528,23.1724688,1.57,401,1,1837573146
19624450109468,52.8231637,-27.2808257,23.6754754,1.44,515,0,1962444826
19624450110492,52.8230765,-27.2806395,23.8132668,1.44,515,1,1962444826
19946035519516,53.2418519,-27.2262327,22.2121083,1.97,78,0,1994603546
19946035520540,53.2414662,-27.2259142,21.3628457,1.97,78,1,1994603546
20034993156124,53.1669477,-27.7040227,23.0913661,2.41,751,0,2003499034
20034993157148,53.1670815,-27.7038725,23.2199159,2.41,751,1,2003499034
21586831884316,52.748133,-27.2627354,23.4456196,0.62,128,0,2158683162
21586831885340,52.7481669,-27.2625031,24.1988847,0.62,128,1,2158683162
21686651007004,53.1730852,-27.6695706,22.6437719,0.62,31,0,2168665114
21686651008028,53.1737753,-27.6692837,22.3520461,0.62,31,1,2168665114
21686651009052,53.1738046,-27.6689698,21.951444,0.62,31,2,2168665114
21686651010076,53.1731629,-27.6688727,23.3756827,0.62,31,3,2168665114
21758535790620,52.9198149,-27.4274938,20.9295595,1.54,27,0,2175853594
21758535791644,52.9203405,-27.4266615,19.3096617,1.54,27,1,2175853594
22156258639900,53.1460122,-27.2192781,23.2384038,1.57,332,0,2215625754
22156258640924,53.1458446,-27.2189988,23.6257691,1.57,332,1,2215625754
22832322617372,52.9596881,-27.6572985,18.5882669,1.33,14,0,2283232282
22832322618396,52.9600556,-27.6574034,20.3990107,1.33,14,1,2283232282
23078698098716,53.0247248,-27.6721281,20.9672675,1.59,278,0,2307869722
23078698099740,53.0248675,-27.6719005,21.1003037,1.59,278,1,2307869722
23265218875420,52.7495784,-27.3058894,20.5085828,1.52,77,0,2326521882
23265218876444,52.7490044,-27.3056906,21.5205232,1.52,77,1,2326521882
23333130735644,52.7329208,-27.5509202,21.4727172,3.73,121,0,2333313050
23333130736668,52.7326809,-27.5506327,21.1013879,3.73,121,1,2333313050
23753135505436,52.977583,-27.628391,18.8114044,1.87,348,0,2375313434
23753135506460,52.9771207,-27.6284314,20.7016775,1.87,348,1,2375313434
24537958580252,52.7100535,-27.4027876,20.3820432,0.8,44,0,2453795866
24537958581276,52.7102773,-27.4025105,22.7519229,0.8,44,1,2453795866
25132237119516,53.2581411,-27.2386339,22.3114381,1.97,78,0,2513223706
25132237120540,53.2577553,-27.2383154,21.4122358,1.97,78,1,2513223706
25553121636380,53.0851346,-27.1483034,21.258689,0.82,87,0,2555312154
25553121637404,53.085286,-27.1483555,23.0105001,0.82,87,1,2555312154
25751247556636,53.3081794,-27.322195,23.9447598,2.06,673,0,2575124506
25751247557660,53.3083865,-27.3222627,23.5666298,2.06,673,1,2575124506
25753336651804,53.0164079,-27.2841411,23.3486084,2.71,706,0,2575333402
25753336652828,53.016127,-27.2836414,23.9271454,2.71,706,1,2575333402
25753336653852,53.0167552,-27.2838277,22.6985494,2.71,706,2,2575333402
25753336654876,53.0166908,-27.2835491,22.7865825,2.71,706,3,2575333402
26111785263132,53.1729911,-27.5814134,21.6442809,0.66,74,0,2611178522
26111785264156,53.1732907,-27.5812924,21.3210213,0.66,74,1,2611178522
26652744515612,53.0652662,-27.5867107,22.2252564,1.44,204,0,2665274394
26652744516636,53.0656432,-27.5865129,22.9363142,1.44,204,1,2665274394
26652744517660,53.0651053,-27.5864933,22.4463368,1.44,204,2,2665274394
26652744518684,53.0653751,-27.5862195,22.3895052,1.44,204,3,2665274394
27245824720924,53.240325,-27.6069276,22.7069142,0.74,176,0,2724582426
27245824721948,53.2399729,-27.6067522,23.4667814,0.74,176,1,2724582426
27246421110812,52.933156,-27.7031271,21.6353592,2.62,779,0,2724641818
27246421111836,52.9332745,-27.7030331,22.7597178,2.62,779,1,2724641818
27246421112860,52.9330842,-27.7030073,22.5001858,2.62,779,2,2724641818
27246421113884,52.9332041,-27.702839,21.9544777,2.62,779,3,2724641818
27307101425692,53.0571477,-27.3511869,20.9249928,2.62,309,0,2730710042
27307101426716,53.0571412,-27.3507808,20.1990786,2.62,309,1,2730710042
28184117391388,52.828717,-27.3332627,21.5932806,1.51,535,0,2818411546
28184117392412,52.8284791,-27.33301,21.9038551,1.51,535,1,2818411546
28184117393436,52.8289294,-27.3329703,21.793477,1.51,535,2,2818411546
28184117394460,52.8287148,-27.3327956,21.4492115,1.51,535,3,2818411546
28292977983516,52.7223533,-27.3847859,24.1727649,1.57,328,0,2829297690
28292977984540,52.722328,-27.3844452,21.9828964,1.57,328,1,2829297690
28355155324956,52.9365093,-27.405485,22.5530316,1.97,343,0,2835515418
28355155325980,52.9359646,-27.4053484,23.4127114,1.97,343,1,2835515418
28765801148444,52.833645,-27.6265408,23.6738042,1.92,671,0,2876579866
28765801149468,52.8338603,-27.6264031,24.0669371,1.92,671,1,2876579866
28765801150492,52.8334873,-27.6263737,23.8447217,1.92,671,2,2876579866
28765801151516,52.8336697,-27.6262012,23.9288227,1.92,671,3,2876579866
29077793632284,52.7623752,-27.2722889,23.1366519,2.35,711,0,2907779098
29077793633308,52.7625838,-27.2721525,23.5501195,2.35,711,1,2907779098
29077793634332,52.762218,-27.2720739,23.7069483,2.35,711,2,2907779098
29077793635356,52.7624582,-27.2718989,23.3872984,2.35,711,3,2907779098
29488395182108,52.9512801,-27.5137484,23.5726232,3.44,230,0,2948839450
29488395183132,52.9517287,-27.5134179,22.5687127,3.44,230,1,2948839450
29651416145948,52.9884196,-27.3976831,23.4864922,2.26,270,0,2965141530
29651416146972,52.9880669,-27.3967573,22.6216687,2.26,270,1,2965141530
29909893857308,52.865227,-27.2589805,22.9538191,1.63,180,0,2990989338
29909893858332,52.8656802,-27.2588921,22.5108148,1.63,180,1,2990989338
29919785594908,52.8237707,-27.4262075,22.610167,0.86,155,0,2991978522
29919785595932,52.8230855,-27.4261215,22.5912842,0.86,155,1,2991978522
29919785596956,52.8236483,-27.4257271,20.5315438,0.86,155,2,2991978522
29919785597980,52.82375,-27.4257642,20.3970144,0.86,155,3,2991978522
30781379153948,53.0433162,-27.3047791,22.9385255,2.69,145,0,3078137882
30781379154972,53.0433827,-27.3046091,22.5493873,2.69,145,1,3078137882
32073279549468,52.9701843,-27.554731,23.1563369,1.44,515,0,3207327770
32073279550492,52.9700969,-27.5545448,23.675193,1.44,515,1,3207327770
32540838379548,52.9327677,-27.2868119,24.3314307,1.97,620,0,3254083610
32540838380572,52.9325826,-27.2866817,22.7939203,1.97,620,1,3254083610
32540838381596,52.9330086,-27.2866148,23.2742242,1.97,620,2,3254083610
32540838382620,52.9327022,-27.2865589,23.5760457,1.97,620,3,3254083610
32659395588124,52.7834239,-27.2870193,23.3917414,2.04,251,0,3265939482
32659395589148,52.7829155,-27.2865197,23.5951165,2.04,251,1,3265939482
32904880582684,53.0130789,-27.2385208,21.7733302,1.36,611,0,3290487834
32904880583708,53.013168,-27.2384758,22.1854525,1.36,611,1,3290487834
32904880584732,53.0130761,-27.2384246,22.5253648,1.36,611,2,3290487834
32904880585756,53.0131629,-27.2384025,21.4855844,1.36,611,3,3290487834
32932589236252,52.9229932,-27.4562194,19.4975462,1.19,419,0,3293258778
32932589237276,52.9231654,-27.4558867,20.9200561,1.19,419,1,3293258778
32932598698012,52.9247643,-27.6833125,20.7327229,1.12,229,0,3293259802
32932598699036,52.9244785,-27.6832061,19.5550422,1.12,229,1,3293259802
33246005190684,53.0984534,-27.5674339,23.6954319,2.0,486,0,3324600346
33246005191708,53.0982496,-27.5673272,24.0368067,2.0,486,1,3324600346
33246005192732,53.0985446,-27.5672489,24.1669314,2.0,486,2,3324600346
33246005193756,53.0983203,-27.5671218,23.8048397,2.0,486,3,3324600346
35088722219036,53.0800759,-27.3145027,22.5196245,1.14,73,0,3508872218
35088722220060,53.080422,-27.3144916,23.1427785,1.14,73,1,3508872218
35658744147996,53.0264519,-27.5121343,22.9027641,1.99,583,0,3565874202
35658744149020,53.0268063,-27.5121188,24.9522754,1.99,583,1,3565874202
35658744150044,53.0264894,-27.5119396,22.9158405,1.99,583,2,3565874202
35658744151068,53.0266701,-27.5118194,22.9790516,1.99,583,3,3565874202
35727575994396,52.9920228,-27.5860462,21.305548,2.42,233,0,3572757530
35727575995420,52.9922368,-27.5859333,19.9584499,2.42,233,1,3572757530
35737142558748,53.1835938,-27.5285443,22.5561714,2.6,820,0,3573713946
35737142559772,53.1837189,-27.5285439,23.8300991,2.6,820,1,3573713946
35737142560796,53.183652,-27.5284549,22.9150205,2.6,820,2,3573713946
35737142561820,53.183731,-27.528451,22.2677122,2.6,820,3,3573713946
35990561460252,52.9681491,-27.3503859,22.3918933,1.71,669,0,3599055898
35990561461276,52.9682465,-27.3505605,23.6204992,1.71,669,1,3599055898
36498360844316,53.3027436,-27.5226698,22.6006554,0.62,128,0,3649836058
36498360845340,53.3027775,-27.5224374,23.5374316,0.62,128,1,3649836058
39013120065564,52.8798116,-27.6499754,22.9056379,2.77,16,0,3901312026
39013120066588,52.8795373,-27.6494446,22.8451391,2.77,16,1,3901312026
39123407831068,53.2220028,-27.3567921,23.8110904,4.13,740,0,3912340506
39123407832092,53.2218255,-27.3570777,22.5998092,4.13,740,1,3912340506
40078737387548,52.9528432,-27.4845646,23.2092155,3.26,495,0,4007873562
40078737388572,52.9527012,-27.4843515,23.3593217,3.26,495,1,4007873562
40384594456604,53.0931551,-27.620609,22.5821693,1.75,131,0,4038459418
40384594457628,53.0928519,-27.6202774,23.0852268,1.75,131,1,4038459418
42598165856284,52.8577305,-27.2859084,21.1211794,0.9,336,0,4259816474
42598165857308,52.8576702,-27.2856923,21.4134666,0.9,336,1,4259816474
42728920137756,53.0665733,-27.2871616,21.688695,1.06,268,0,4272891930
42728920138780,53.0663422,-27.2871741,23.3282613,1.06,268,1,4272891930
43943209652252,52.9270225,-27.5502711,21.0242065,1.18,169,0,4394320922
43943209653276,52.9264667,-27.5500233,21.37253,1.18,169,1,4394320922
43943209654300,52.9271442,-27.549668,21.671347,1.18,169,2,4394320922
43943209655324,52.9264922,-27.5494469,21.0522097,1.18,169,3,4394320922
44005399924764,53.3230422,-27.5186575,22.8584171,2.98,841,0,4400539674
44005399925788,53.3230188,-27.5185029,23.1528071,2.98,841,1,4400539674
44132056678428,53.0679119,-27.4822557,23.918165,2.88,400,0,4413205530
44132056679452,53.067534,-27.4826287,23.3983796,2.88,400,1,4413205530
44593419374620,53.0868404,-27.3976962,22.733655,1.55,277,0,4459341850
44593419375644,53.0873547,-27.3975201,23.1945673,1.55,277,1,4459341850
44593419376668,53.0868329,-27.3971768,23.8967589,1.55,277,2,4459341850
44593419377692,53.0874126,-27.3970964,22.7017742,1.55,277,3,4459341850
45146074071068,53.0012403,-27.3003255,23.9740051,4.13,740,0,4514607130
45146074072092,53.0010631,-27.3006111,22.8675216,4.13,740,1,4514607130
45850553671708,52.7622273,-27.4796801,20.3705556,1.25,330,0,4585055258
45850553672732,52.7621005,-27.479339,20.9635387,1.25,330,1,4585055258
47790284922908,53.003782,-27.6536293,20.4398163,1.11,30,0,4779028506
47790284923932,53.0037175,-27.6534317,21.2305226,1.11,30,1,4779028506
47807601397788,53.24575,-27.4597922,20.8013097,1.76,185,0,4780760090
47807601398812,53.2456913,-27.4593836,22.0652527,1.76,185,1,4780760090
49406668812316,52.7896307,-27.403878,21.7131276,1.89,3,0,4940666906
49406668813340,52.7892061,-27.4035545,21.5920263,1.89,3,1,4940666906
49492941434908,52.8094822,-27.6646693,23.5036335,0.86,155,0,4949294106
49492941435932,52.8087956,-27.6645832,23.0003455,0.86,155,1,4949294106
49492941436956,52.8093595,-27.6641888,21.2159533,0.86,155,2,4949294106
49492941437980,52.8094615,-27.664226,21.0813754,0.86,155,3,4949294106
50908621512732,53.0985004,-27.6242029,23.6314313,1.64,174,0,5090862106
50908621513756,53.0980287,-27.6242919,23.1892393,1.64,174,1,5090862106
51454915465244,53.3363719,-27.5094984,19.9802268,1.69,221,0,5145491482
51454915466268,53.3364299,-27.5092471,22.2257737,1.69,221,1,5145491482
51454966525980,52.8961664,-27.1652463,19.1285339,2.26,187,0,5145496602
51454966527004,52.8960024,-27.1649161,20.6719194,2.26,187,1,5145496602
52009881600028,53.0788417,-27.4636998,22.2363481,1.19,0,0,5200988186
52009881601052,53.0792873,-27.4638729,23.604352,1.19,0,1,5200988186
52009902485532,53.2116105,-27.4581545,23.6366891,1.18,99,0,5200990234
52009902486556,53.2118165,-27.4581307,21.8246938,1.18,99,1,5200990234
53936774864924,52.9170865,-27.6096121,22.3730906,3.26,426,0,5393677338
53936774865948,52.9174667,-27.6094442,23.8517924,3.26,426,1,5393677338
54727703228444,52.8337643,-27.5324791,23.1312112,1.92,671,0,5472770074
54727703229468,52.8339794,-27.5323415,23.7232154,1.92,671,1,5472770074
54727703230492,52.8336067,-27.532312,23.4366521,1.92,671,2,5472770074
54727703231516,52.833789,-27.5321396,23.3408856,1.92,671,3,5472770074
58180097388572,52.7627609,-27.3869366,23.4603578,2.2,339,0,5818009626
58180097389596,52.7623591,-27.3868366,24.41589,2.2,339,1,5818009626
58180097390620,52.762744,-27.3866447,23.5799733,2.2,339,2,5818009626
58180097391644,52.7624475,-27.3865053,23.4104867,2.2,339,3,5818009626
58574173376540,53.1367052,-27.5592733,19.5858554,1.03,297,0,5857417242
58574173377564,53.1367903,-27.5591194,20.9873137,1.03,297,1,5857417242
58767105159196,53.2414353,-27.4289329,22.4049415,1.04,283,0,5876710426
58767105160220,53.241715,-27.4289062,22.1602117,1.04,283,1,5876710426
58770473316380,52.8953245,-27.4532626,20.9286956,0.82,87,0,5877047322
58770473317404,52.8954763,-27.4533147,22.6834475,0.82,87,1,5877047322
60880743206940,52.8434911,-27.5262052,23.2606191,2.47,197,0,6088074266
60880743207964,52.8434977,-27.5260616,23.6436932,2.47,197,1,6088074266
60880743208988,52.8437769,-27.5257632,23.8033464,2.47,197,2,6088074266
60880743210012,52.8439532,-27.5261572,26.4510324,2.47,197,3,6088074266
61163551825948,52.7339755,-27.5230451,23.4792241,2.26,270,0,6116355098
61163551826972,52.7336224,-27.5221193,22.6159309,2.26,270,1,6116355098
63041474859036,52.9421864,-27.5903819,22.8874305,1.14,73,0,6304147482
63041474860060,52.9425334,-27.5903708,23.5432027,1.14,73,1,6304147482
64003052765212,52.9605547,-27.4866156,22.9591237,1.15,304,0,6400305178
64003052766236,52.9604169,-27.4862952,22.4024589,1.15,304,1,6400305178
65451141750812,52.7732829,-27.4222186,21.7881,1.07,154,0,6545114138
65451141751836,52.7726836,-27.4220677,21.0470555,1.07,154,1,6545114138
65746883047452,52.8939367,-27.1671666,22.7864488,1.56,119,0,6574688282
65746883048476,52.8945226,-27.1667937,22.7709551,1.56,119,1,6574688282
65842239094812,52.8610912,-27.6138449,23.3585262,2.03,404,0,6584223770
65842239095836,52.8612512,-27.613671,22.9947842,2.03,404,1,6584223770
70827715072028,53.1669523,-27.6841988,21.0725719,2.2,125,0,7082771482
70827715073052,53.1667263,-27.6843414,23.4836061,2.2,125,1,7082771482
74022032519196,53.2171049,-27.2612215,22.456302,1.04,283,0,7402203162
74022032520220,53.2173841,-27.2611947,22.2420073,1.04,283,1,7402203162
76910859014172,53.0006777,-27.5937706,21.7959255,1.35,189,0,7691085850
76910859015196,53.0008202,-27.5933796,21.0753962,1.35,189,1,7691085850
80809095868444,52.7680946,-27.4306433,22.821733,1.92,671,0,8080909338
80809095869468,52.7683096,-27.4305057,23.3036213,1.92,671,1,8080909338
80809095870492,52.7679373,-27.4304762,23.1232669,1.92,671,2,8080909338
80809095871516,52.7681193,-27.4303038,23.0593747,1.92,671,3,8080909338
81032049954844,52.8485729,-27.3925292,21.802242,1.1,321,0,8103204890
81032049955868,52.8484183,-27.3924404,19.7810834,1.1,321,1,8103204890
84516424925212,53.1804602,-27.6727455,22.6014109,1.15,304,0,8451642394
84516424926236,53.1803222,-27.6724251,22.1113524,1.15,304,1,8451642394
86215045607452,52.8240499,-27.3028846,23.7159182,1.56,119,0,8621504538
86215045608476,52.8246365,-27.3025117,23.84163,1.56,119,1,8621504538
86513675137052,52.7469724,-27.3665338,21.186519,2.71,219,0,8651367450
86513675138076,52.7476414,-27.366475,23.6798079,2.71,219,1,8651367450
86846495658012,53.2809651,-27.4738899,20.8331468,1.12,229,0,8684649498
86846495659036,53.2806799,-27.4737835,19.7252128,1.12,229,1,8684649498
87042027900956,53.0994583,-27.6185682,21.8561956,1.27,93,0,8704202778
87042027901980,53.0996486,-27.6181742,21.3695608,1.27,93,1,8704202778
93994936901660,53.0623962,-27.666396,21.9749049,2.08,142,0,9399493658
93994936902684,53.0624197,-27.6657533,22.1821581,2.08,142,1,9399493658
98547385360412,53.1896832,-27.6305711,23.3300876,2.3,254,0,9854738458
98547385361436,53.1897586,-27.6301194,23.6485127,2.3,254,1,9854738458
100207012376604,52.7856041,-27.5256948,22.7594625,1.75,131,0,10020701210
100207012377628,52.7853012,-27.5253633,23.2464762,1.75,131,1,10020701210
100653661409308,53.1656185,-27.3479515,22.8608628,1.33,305,0,10065366042
100653661410332,53.1653897,-27.3477455,21.505179,1.33,305,1,10065366042
103533753765916,52.7476411,-27.597882,23.3827175,1.14,353,0,10353375258
103533753766940,52.7473915,-27.5977661,21.3458825,1.14,353,1,10353375258
103576012800028,52.9826789,-27.4376784,22.4785975,1.19,0,0,10357601306
103576012801052,52.9831244,-27.4378515,23.8894374,1.19,0,1,10357601306
105381511102492,53.2362989,-27.2906306,18.7887918,1.33,484,0,10538150938
105381511103516,53.2363572,-27.2907608,21.0001499,1.33,484,1,10538150938
113571882065948,53.2953609,-27.5927551,23.9687414,2.26,270,0,11357188122
113571882066972,53.2950076,-27.5918294,23.1253442,2.26,270,1,11357188122
117943224807452,52.9928532,-27.1648455,23.3072902,1.56,119,0,11794322458
117943224808476,52.9934391,-27.1644725,23.4360984,1.56,119,1,11794322458
118077942751260,53.3431386,-27.4022013,23.6088042,1.56,242,0,11807794202
118077942752284,53.3429091,-27.4019024,23.4760269,1.56,242,1,11807794202
118166131359772,52.8012838,-27.6225081,23.6682418,5.41,664,0,11816612890
118166131360796,52.8012429,-27.6220325,23.6010727,5.41,664,1,11816612890
119585036349468,53.216702,-27.5589454,23.5599279,1.44,515,0,11958503450
119585036350492,53.2166146,-27.5587592,24.0977907,1.44,515,1,11958503450
120004701134876,53.0796902,-27.183509,22.9841068,1.37,238,0,12000470042
120004701135900,53.0795567,-27.1832497,22.1698413,1.37,238,1,12000470042
121187370528796,53.3192001,-27.4752733,23.2589214,4.52,383,0,12118736922
121187370529820,53.3186812,-27.4750077,23.2413957,4.52,383,1,12118736922
121187370530844,53.3195411,-27.4749129,22.9203642,4.52,383,2,12118736922
121187370531868,53.3191436,-27.474572,23.527767,4.52,383,3,12118736922
124536136908828,53.0143319,-27.3829351,23.6931244,1.58,300,0,12453613594
124536136909852,53.014806,-27.3826814,23.1307316,1.58,300,1,12453613594
124710073589788,53.194787,-27.3572952,22.9224498,3.35,310,0,12471007258
124710073590812,53.1946598,-27.3571124,23.3512253,3.35,310,1,12471007258
124710073591836,53.1942325,-27.3569597,23.2666096,3.35,310,2,12471007258
124710073592860,53.1943026,-27.3574174,26.3323566,3.35,310,3,12471007258
125977406083100,53.0609413,-27.5895877,22.1025482,1.38,157,0,12597740570
125977406084124,53.0604934,-27.5892579,22.2449505,1.38,157,1,12597740570
126159751606300,53.1948845,-27.6142412,22.2740357,1.46,607,0,12615974938
126159751607324,53.1950447,-27.6142175,23.2151731,1.46,607,1,12615974938
131172321755164,53.2628789,-27.2784687,23.4846477,1.31,116,0,13117232154
131172321756188,53.2635624,-27.2783271,21.7213381,1.31,116,1,13117232154
131890463604764,52.9422243,-27.1813974,21.17365,1.49,216,0,13189046298
131890463605788,52.9417492,-27.181069,21.2619708,1.49,216,1,13189046298
131890463606812,52.9425586,-27.1808377,22.0243533,1.49,216,2,13189046298
131890463607836,52.9418609,-27.1805622,21.2535844,1.49,216,3,13189046298
132935998562332,53.0330959,-27.1522864,22.6670538,1.57,274,0,13293599770
132935998563356,53.0331741,-27.151746,23.4851093,1.57,274,1,13293599770
133211127869468,53.1203976,-27.6698545,23.0527888,1.44,515,0,13321112602
133211127870492,53.1203102,-27.6696683,23.3484915,1.44,515,1,13321112602
138902847549468,52.7852827,-27.4268645,23.3970902,1.44,515,0,13890284570
138902847550492,52.7851954,-27.4266782,23.9928347,1.44,515,1,13890284570
141768028647452,53.1715731,-27.1833527,23.6475847,1.56,119,0,14176802842
141768028648476,53.1721591,-27.1829797,23.7960722,1.56,119,1,14176802842
144466309607452,52.7963598,-27.2665006,23.154508,1.56,119,0,14446630938
144466309608476,52.7969462,-27.2661277,23.355635,1.56,119,1,14446630938
145443666014236,53.2277329,-27.4630247,21.398719,1.23,23,0,14544366618
145443666015260,53.2282383,-27.4629622,19.9787931,1.23,23,1,14544366618
149641298862108,52.8765057,-27.2716454,23.2640274,3.44,230,0,14964129818
149641298863132,52.8769532,-27.2713148,22.299811,3.44,230,1,14964129818
150889544654876,52.9689487,-27.6410683,22.6809728,1.37,238,0,15088954394
150889544655900,52.9688146,-27.640809,22.014167,1.37,238,1,15088954394
153965959839772,52.9364024,-27.6453783,23.7277742,5.41,664,0,15396595738
153965959840796,52.9363616,-27.6449027,23.5979265,5.41,664,1,15396595738
154985217032220,53.0681307,-27.2232235,21.2711619,0.89,252,0,15498521626
154985217033244,53.0682171,-27.2230592,20.580946,0.89,252,1,15498521626
159991399436316,53.0384911,-27.521074,20.892392,2.28,253,0,15999139866
159991399437340,53.0384692,-27.520632,22.4743082,2.28,253,1,15999139866
160945040359452,53.072219,-27.3762286,21.3449969,1.74,244,0,16094503962
160945040360476,53.0718745,-27.3761976,22.1115814,1.74,244,1,16094503962
161040025980956,52.8424002,-27.4623477,21.9540787,1.27,93,0,16104002586
161040025981980,52.8425902,-27.4619537,21.5178292,1.27,93,1,16104002586
161051556495388,53.2047783,-27.4108506,23.0731963,1.81,160,0,16105155610
161051556496412,53.2048957,-27.4104836,23.1062544,1.81,160,1,16105155610
165109474336796,52.9603994,-27.6715232,21.0439544,1.86,258,0,16510947354
165109474337820,52.9599331,-27.6714654,19.9898181,1.86,258,1,16510947354
166744771297308,52.9540771,-27.5469622,23.4491021,1.63,180,0,16674477082
166744771298332,52.9545314,-27.5468738,23.1454684,1.63,180,1,16674477082
167196550471708,52.9668738,-27.1664439,20.6144561,1.25,330,0,16719654938
167196550472732,52.9667474,-27.1661028,21.1958519,1.25,330,1,16719654938
169407695691804,53.2989966,-27.325062,23.2570911,2.71,706,0,16940769306
169407695692828,53.2987156,-27.3245623,24.2687944,2.71,706,1,16940769306
169407695693852,53.299344,-27.3247486,22.7466762,2.71,706,2,16940769306
169407695694876,53.2992796,-27.32447,22.7861387,2.71,706,3,16940769306
171688625274908,53.1149294,-27.4875321,22.7229513,4.68,780,0,17168862234
171688625275932,53.114747,-27.4875178,23.4544462,4.68,780,1,17168862234
174349292019740,52.8487044,-27.2930912,22.6249035,1.42,122,0,17434929178
174349292020764,52.8489654,-27.2930065,22.2856448,1.42,122,1,17434929178
176018904162332,53.0994411,-27.2696286,22.2879162,1.57,274,0,17601890330
176018904163356,53.0995194,-27.2690882,23.3770374,1.57,274,1,17601890330
176504803450908,52.9877243,-27.1900495,20.7160856,2.34,530,0,17650480154
176504803451932,52.9879461,-27.1899221,20.8285908,2.34,530,1,17650480154
177389578547228,53.0463631,-27.6003484,22.0557034,2.4,75,0,17738957850
177389578548252,53.0467837,-27.6006294,22.196589,2.4,75,1,17738957850
177712499732508,52.9972114,-27.6128262,23.3961081,2.37,755,0,17771249690
177712499733532,52.9970335,-27.6132206,21.131321,2.37,755,1,17771249690
177712499734556,52.9976025,-27.6131294,22.7068605,2.37,755,2,17771249690
177712499735580,52.9971086,-27.6132764,21.2164008,2.37,755,3,17771249690
177821594337308,53.1370599,-27.6597166,22.9903672,1.63,180,0,17782159386
177821594338332,53.1375147,-27.6596282,22.5467672,1.63,180,1,17782159386
178117408071708,53.0515818,-27.5091962,20.6825643,1.25,330,0,17811740698
178117408072732,53.0514549,-27.5088551,21.2074614,1.25,330,1,17811740698
178118290722844,53.0827408,-27.4320864,19.545329,2.73,821,0,17811828762
178118290723868,53.082916,-27.4320299,20.2862169,2.73,821,1,17811828762
178187275890716,52.9781375,-27.275857,22.7621159,3.3,403,0,17818727450
178187275891740,52.9779826,-27.275742,21.0178126,3.3,403,1,17818727450
178197309653020,52.765546,-27.2393009,23.4781067,2.01,52,0,17819730970
178197309654044,52.7660108,-27.2382918,23.315399,2.01,52,1,17819730970
178226780418076,53.0995474,-27.6783625,22.0937584,4.13,63,0,17822678042
178226780419100,53.0987005,-27.6780907,20.6718101,4.13,63,1,17822678042
178233396305948,53.292025,-27.5619895,23.2609912,2.26,270,0,17823339546
178233396306972,53.2916718,-27.5610637,22.5703849,2.26,270,1,17823339546
178233426133020,52.7224054,-27.2956008,23.4327246,2.01,52,0,17823342618
178233426134044,52.7228703,-27.2945917,23.2404203,2.01,52,1,17823342618
178291763413020,52.9352637,-27.4290547,23.5020602,2.01,52,0,17829176346
178291763414044,52.9357292,-27.4280456,23.0000705,2.01,52,1,17829176346
178320868311068,52.7285738,-27.3343952,23.8188849,4.13,740,0,17832086554
178320868312092,52.7283966,-27.3346808,22.7107152,4.13,740,1,17832086554
178345718829084,53.0116475,-27.5605428,22.2583156,1.76,261,0,17834571802
178345718830108,53.0113934,-27.5608946,21.0034014,1.76,261,1,17834571802
178353685905436,53.0156458,-27.3640977,18.9425294,1.87,348,0,17835368474
178353685906460,53.0151847,-27.3641381,20.7589515,1.87,348,1,17835368474
178373039185948,53.3131392,-27.3920663,23.4920929,2.26,270,0,17837303834
178373039186972,53.3127865,-27.3911405,22.7119255,2.26,270,1,17837303834
178409524486172,53.0439173,-27.6210008,21.1319588,2.47,314,0,17840952346
178409524487196,53.0436152,-27.6206508,21.4155257,2.47,314,1,17840952346
178446623199260,52.7593869,-27.3684755,22.9356143,2.39,117,0,17844662298
178446623200284,52.7584175,-27.368767,21.5413199,2.39,117,1,17844662298
178446665371676,53.1696124,-27.3927103,24.7713193,2.45,413,0,17844666394
178446665372700,53.1700175,-27.3925962,23.7500036,2.45,413,1,17844666394
178446665373724,53.1695104,-27.3924231,23.0541967,2.45,413,2,17844666394
178446665374748,53.1696926,-27.3923722,23.4396451,2.45,413,3,17844666394
